Task 1:

array([ 8.,  2.,  6.,  3., 12.,  4.,  3.,  6.,  2.,  1.,  1.,  5.,  2.,
        2.,  2.,  3.,  1.,  1.,  1.,  1.,  3.,  1.,  1.,  2.,  3.,  4.,
        1.,  1.,  1.,  1.,  1.,  3.,  1.,  1.,  1.,  2.,  1.,  1.,  1.,
        2.,  1.,  1.,  2.,  1.,  1.,  1.,  1.,  1.,  1.,  1.,  1.,  2.,
        1.,  1.,  2.,  2.,  1.,  2.,  1.,  1.,  1.,  3.,  4.,  1.,  1.,
        1.,  1.,  2.,  1.,  1.,  1.,  1.,  1.,  1.,  1.,  1.,  2.,  1.,
        1.,  1.,  1.,  5.,  2.,  2.,  1.,  1.,  5.,  1.,  4.,  1.,  1.,
        1.,  2.,  1.,  2.,  1., 11.,  1.,  1.,  1.,  1.,  2.,  2.,  2.,
        5.,  1.,  2.,  1.,  1.,  1.,  2.,  1.,  2.,  1.,  2.,  4.,  1.,
        1.,  1.,  5.,  1.,  1.,  1.,  1.,  2.,  4.,  1.,  1.,  1.,  3.,
        1.,  1.,  1.,  1.,  3.,  2.,  2.,  1.,  1.,  6.,  1.,  6.,  1.,
        1.,  3.,  1.,  1.,  2.,  1.,  1.,  1.,  1.,  2.,  7.,  1.,  1.,
        1.,  1.,  1.])
array([135.,  37.,  71.,  28.,  49.,  19.,  46.,  16.,  13.,  22.,   9.,
        22.,  11.,   7.,   7.,   6.,   4.,   6.,  12.,  11.,  10.,   3.,
        10.,   4.,   2.,  21.,   5.,   4.,   2.,   2.,   1.,   1.,   1.,
         5.,   1.,  23.,   5.,   2.,   1.,   6.,   8.,   4.,   7.,   3.,
         3.,   2.,   1.,   1.,   6.,   4.,   4.,   7.,   1.,   8.,   7.,
        13.,   4.,   4.,  10.,   3.,   3.,   2.,   2.,   3.,   7.,   4.,
         1.,   2.,   4.,   8.,   4.,   7.,   2.,   1.,   1.,   2.,   1.,
         2.,   2.,   1.,   5.,   3.,   3.,   3.,   1.,   1.,   1.,   2.,
         1.,   4.,   3.,   1.,   3.,   3.,   4.,   7.,   1.,   2.,   1.,
         3.,   2.,   1.,   4.,   6.,   3.,  11.,   1.,   6.,   3.,   1.,
         3.,   1.,   2.,   1.,   1.,   1.,   3.,   3.,   2.,   5.,   2.,
         2.,   2.,   2.,   1.,   1.,   1.,   1.,   1.,   3.,   1.,   1.,
         1.,   1.,   3.,   3.,   4.,   1.,   1.,   5.,   1.,   1.,   2.,
         6.,   2.,   2.,   1.,   1.,   1.,   1.,   1.,   1.,   3.,   5.,
         1.,   1.,   1.,   1.,   2.,   1.,   1.,   1.,   6.,   1.,   1.,
         2.,   1.,   3.,   2.,   1.,   1.,   3.,   2.,   2.,   3.,   8.,
         1.,   1.,   1.,   1.,   2.,   3.,   1.,   2.,   6.,   1.,   1.,
         2.,   1.,  13.,   4.,   1.,   1.,   1.,   1.,   1.,   3.,   1.,
         1.,   2.,   2.,   1.,   1.,   2.,   1.,   1.,   1.,   1.,   1.,
         3.,   1.,   2.,   4.,  26.,   1.,   1.,   3.,   2.,   2.,   1.,
         3.,   1.,   1.,   1.,   1.,   1.,   1.,   1.,   1.,   2.,   6.,
         1.,   1.,   1.,   6.,   1.,   1.,   1.,   4.,   2.,   1.,   1.,
         1.,   1.,   4.,   1.,   1.,   1.,   1.,   1.,   1.,   1.,   1.,
         3.,   4.,   4.,   4.,   3.,   1.,   3.,   1.,   1.,   1.,   1.,
         1.,   1.,   4.,   1.,   1.,   1.,   1.,   1.,   1.,   1.,   1.,
         1.,   1.,   1.,   1.,   2.,   1.,   1.,   2.,   1.,   9.,   1.,
         1.,   2.,   1.,   1.,   1.,   5.,   1.,   1.,   2.,   1.,   1.,
         2.,   1.,   1.,   1.,   1.,   6.,   1.,   1.,   1.,   1.,   1.,
         3.,   1.,   2.,   1.,   1.,   1.,   2.,   1.,   2.,   9.,   1.,
         1.,   1.,   2.,   1.,   1.,   2.,   2.,   2.,   2.,   1.,   1.,
         4.,   1.,   1.,   1.,   2.,   1.,   1.,   1.,   1.,  11.,   2.,
         1.,   1.,   1.,   1.,   1.,   1.,   1.,   2.,   1.,   1.,   1.,
         1.,   1.,   1.,   2.,   9.,   1.,   2.,   7.,   3.,   3.,   2.,
         1.,   1.,   2.,   1.,   1.,   1.,   2.,   1.,   2.,   1.,   1.,
         3.,   8.,   1.,   1.,   1.,   1.,   1.,   8.,   1.,   1.,   1.,
         2.,   1.,   1.,   1.,   1.,   1.,   1.,   1.,   1.,   1.,   1.,
         1.,  10.,   1.,   1.,   1.,   2.,   1.,   2.,   3.,   4.,   1.,
         1.,   1.,   1.,   1.,   1.,   1.,   3.,   1.,   1.,   1.,   1.,
         1.,   1.,   8.,   1.,   1.,   1.,   1.,   1.,   1.,   1.,   6.,
         1.,   1.,   1.,   1.,   1.,   1.,   1.,   1.,   2.,   1.,   1.,
         1.,   1.,   1.,   1.,  11.,   2.,   1.,   1.,   1.,   1.,   1.,
         2.,   1.,   1.,   3.,   3.,   1.,   1.,   1.,   1.,   1.,   1.,
         1.,   1.,   1.,   2.,   1.,   1.,   1.,   3.,   1.,   1.,   1.,
         1.,   1.,   1.,   1.,   1.,   1.,   1.,   2.,   1.,   1.,   4.,
         2.,   3.,   1.,   1.,   1.,   4.,   1.,   1.,   4.,   1.,   1.,
         1.,   2.,   4.,   1.,   1.,   1.,   1.,   2.,   3.,   1.,   1.,
         1.,   2.,   1.,   1.,   2.,   1.,   1.,   1.,   1.,   1.,   1.,
         1.,   1.,   1.,   2.,   1.,   1.,   1.,   1.,   1.,   2.,   1.,
         2.,   1.,   2.,   2.,   1.,   1.,   1.,   1.,   1.,   4.,   1.,
         1.,   1.,   1.,   8.,   2.,   1.,   1.,   1.,   1.,   2.,   3.,
         1.,   1.,   1.,   1.,   1.,   3.,   1.,   1.,   1.,   1.,   1.,
         4.,   1.,   1.,   1.,   3.,   2.,   1.,   1.,   1.,   2.,   1.,
         1.,   1.,   1.,   1.,   2.,   1.,   1.,   1.,   1.,   1.,   1.,
         1.,   1.,   1.,   2.,   1.,   1.,   1.,   1.,   1.,   1.,   1.,
         1.,   1.,   1.,   1.,   1.,   2.,   1.,   1.,   1.,   1.,   1.,
         4.,   2.,   3.,   2.,   1.,   1.])
array([4., 4., 3., 2., 1., 1., 4., 3., 1., 2., 1., 5., 1., 2., 1., 1., 1.,
       2., 1., 1., 1., 1., 1., 1., 2., 1., 1., 1., 1., 1., 1., 1., 1., 1.,
       1., 1., 1., 1., 1., 1., 1., 2., 2., 1., 1., 1., 1., 1., 1., 1., 1.,
       1., 1., 1., 1., 2., 1., 1., 1., 1., 2., 1., 1., 1., 2., 1., 5., 1.,
       1., 1., 1., 1., 1., 1., 2., 1., 2., 1., 1., 1., 1., 1., 1., 1., 1.,
       1., 3., 1., 1.])

Task 2:


array([1.92555059e-03, 8.50478606e-04, 3.65947527e-03, 1.27515309e-03,
       7.26881462e-03, 2.19975741e-03, 2.66216132e-03, 6.35871363e-03,
       3.43014584e-03, 1.65693809e-03, 9.44999233e-03, 3.95217425e-03,
       4.19787791e-03, 5.18781198e-03, 6.54906258e-03, 9.61804463e-06,
       9.42766276e-03, 2.87951994e-03, 5.38035007e-04, 6.14710796e-03,
       9.49332595e-03, 1.50258572e-02, 3.37418661e-03, 4.94317579e-03,
       5.98488082e-03, 4.54842076e-03, 4.99141867e-03, 1.65903978e-02,
       4.91237317e-03, 7.28885166e-03, 6.36745621e-03, 1.33917572e-02,
       6.28356577e-03, 7.13964429e-03, 7.13821425e-03, 1.59751652e-02,
       6.41882998e-03, 7.64721754e-03, 1.62776158e-02, 8.57654687e-03,
       7.64721754e-03, 8.98232287e-03, 8.13687431e-03, 7.89645803e-03,
       8.90098531e-03, 8.51964347e-03, 8.08508990e-03, 1.72643992e-02,
       8.86948389e-03, 9.22023607e-03, 2.01086375e-02, 2.13909906e-02,
       1.05521284e-02, 1.99249503e-02, 1.03349188e-02, 9.82126974e-03,
       1.04846708e-02, 3.22766724e-02, 4.18291549e-02, 1.12750179e-02,
       1.09072460e-02, 1.15831427e-02, 1.14176787e-02, 2.29934203e-02,
       1.12501771e-02, 1.20844660e-02, 1.10766217e-02, 1.17285929e-02,
       1.13455801e-02, 1.16161455e-02, 1.18747446e-02, 1.17746633e-02,
       2.43627756e-02, 1.30455569e-02, 1.22276075e-02, 1.23083739e-02,
       1.35702072e-02, 6.68355875e-02, 2.64048707e-02, 2.64227453e-02,
       1.24333419e-02, 1.27369322e-02, 6.59676107e-02, 1.24404248e-02,
       5.50191332e-02, 1.27837904e-02, 1.36103441e-02, 1.34238833e-02,
       2.67718630e-02, 1.36407694e-02, 3.04637923e-02, 1.38510787e-02,
       1.67550858e-01, 1.46863490e-02, 1.49479000e-02, 1.46724068e-02,
       1.51344992e-02, 3.01422477e-02, 2.99871466e-02, 2.96874341e-02,
       8.16808649e-02, 1.54008745e-02, 3.19745942e-02, 1.59666661e-02,
       1.61138574e-02, 1.61138574e-02, 3.41042871e-02, 1.61354292e-02,
       3.39910789e-02, 1.63132576e-02, 3.56393971e-02, 7.18675593e-02,
       1.78924764e-02, 1.74457237e-02, 1.71389064e-02, 1.04179133e-01,
       1.97732182e-02, 1.82007228e-02, 2.02620792e-02, 1.83663202e-02,
       4.20396654e-02, 7.50891528e-02, 1.89194795e-02, 1.88696852e-02,
       1.91265005e-02, 5.63168646e-02, 1.92350761e-02, 1.88206286e-02,
       1.93473329e-02, 1.92350761e-02, 5.97170587e-02, 3.92916929e-02,
       3.99479240e-02, 2.01148879e-02, 2.02620792e-02, 1.32024656e-01,
       2.13165617e-02, 1.40466044e-01, 2.11158179e-02, 2.34110073e-02,
       6.81339249e-02, 2.11158179e-02, 2.17587186e-02, 4.35174373e-02,
       2.21339792e-02, 2.27113083e-02, 2.28728651e-02, 2.27113083e-02,
       4.64434820e-02, 2.04083036e-01, 2.30427105e-02, 2.42992986e-02,
       2.48524578e-02, 2.40539080e-02, 2.42992986e-02])

array([5.55667453e-03, 2.69061380e-03, 7.40529150e-03, 2.03523868e-03,
       5.07568510e-03, 1.94875970e-03, 4.32602349e-03, 2.42800368e-03,
       2.46891537e-03, 4.14857826e-03, 1.63108566e-03, 6.63675993e-03,
       3.22620172e-03, 2.44071842e-03, 1.70009729e-03, 1.15894929e-03,
       1.93922832e-03, 4.05511876e-03, 3.94828721e-03, 2.95004816e-03,
       9.89726945e-04, 4.43578488e-03, 1.49325549e-03, 5.29576583e-04,
       1.04391405e-02, 1.86410681e-03, 1.50027401e-03, 1.04263972e-03,
       1.64476188e-06, 2.23000445e-03, 4.74378390e-05, 1.23602389e-02,
       1.00274791e-03, 9.84841476e-04, 9.66847197e-04, 3.04115522e-03,
       3.98936774e-03, 2.13560539e-03, 3.58261136e-03, 1.57680629e-03,
       2.18326211e-03, 1.07626732e-03, 5.41144665e-04, 5.60468438e-04,
       3.85431104e-03, 1.44880180e-03, 2.21581453e-03, 6.25109812e-03,
       5.64060785e-04, 4.86905283e-03, 4.91288210e-03, 7.86062802e-03,
       1.77927781e-03, 2.30805064e-03, 7.11705557e-03, 1.97185159e-03,
       2.17071609e-03, 1.31258072e-03, 1.37166834e-03, 1.94494646e-03,
       5.82915886e-03, 2.87485979e-03, 1.36499277e-03, 1.45550808e-03,
       3.48387476e-03, 6.76257798e-03, 2.96950595e-03, 5.14548942e-03,
       1.55563202e-03, 1.39611689e-03, 7.45748296e-04, 1.49213087e-03,
       8.21270058e-04, 1.73588894e-03, 1.60150893e-03, 8.05549766e-04,
       5.13809665e-03, 2.51231781e-03, 2.56071648e-03, 2.44006608e-03,
       8.69914954e-04, 8.91644936e-04, 1.51757750e-03, 1.87733934e-03,
       1.47425831e-03, 3.73986887e-03, 2.91654549e-03, 8.97003173e-04,
       2.75386321e-03, 2.74059330e-03, 3.95592411e-03, 6.44377104e-03,
       9.42845366e-04, 2.15513935e-03, 9.92564909e-04, 2.99791530e-03,
       2.01896810e-03, 9.64976321e-04, 4.04333067e-03, 6.19715521e-03,
       3.09963077e-03, 1.14606778e-02, 1.04905672e-03, 6.47911770e-03,
       2.95239056e-03, 8.40054754e-04, 3.03401769e-03, 1.24773224e-03,
       2.07913349e-03, 1.04653443e-03, 1.07039945e-03, 9.56479687e-04,
       3.67237364e-03, 3.48133259e-03, 2.19416173e-03, 5.47461483e-03,
       2.17777098e-03, 2.29009665e-03, 2.18359762e-03, 2.14907912e-03,
       1.21800814e-03, 1.36028053e-03, 1.15042179e-03, 1.20668515e-03,
       1.23781782e-03, 3.66207367e-03, 1.48546392e-03, 1.19325004e-03,
       1.72410674e-03, 1.19675480e-03, 4.10732605e-03, 3.69092323e-03,
       5.06389909e-03, 1.23555432e-03, 1.23329983e-03, 6.43784718e-03,
       1.26385992e-03, 1.23180181e-03, 2.78360134e-03, 8.52382027e-03,
       2.67698608e-03, 2.57679096e-03, 1.30887646e-03, 1.32834917e-03,
       1.36879101e-03, 1.33339839e-03, 1.39412070e-03, 1.34424184e-03,
       4.07428450e-03, 6.67147062e-03, 1.33429412e-03, 1.35747189e-03,
       1.48002663e-03, 1.40282213e-03, 2.74907313e-03, 1.77641327e-03,
       1.41029078e-03, 1.50009043e-03, 9.19078357e-03, 1.79498055e-03,
       1.55426022e-03, 2.81240953e-03, 1.41716702e-03, 4.56641715e-03,
       2.84895617e-03, 1.47196734e-03, 1.52547978e-03, 4.37077972e-03,
       2.95234912e-03, 3.09450630e-03, 4.57392824e-03, 1.48251604e-02,
       1.48546392e-03, 1.51675206e-03, 1.65794089e-03, 1.48859455e-03,
       3.03763584e-03, 4.51960298e-03, 1.54033173e-03, 3.31376693e-03,
       9.83829081e-03, 1.65582801e-03, 1.64589810e-03, 3.16637833e-03,
       1.45322799e-03, 2.28432487e-02, 6.29595641e-03, 1.58644483e-03,
       1.56180148e-03, 1.66165751e-03, 2.00081345e-03, 1.66700964e-03,
       5.27720355e-03, 1.60734910e-03, 1.63869117e-03, 3.36454094e-03,
       3.65802896e-03, 1.65005791e-03, 1.80449760e-03, 3.49063428e-03,
       1.66754765e-03, 1.94455675e-03, 1.70538598e-03, 1.62504590e-03,
       1.68171830e-03, 5.49997818e-03, 1.63258598e-03, 3.52448027e-03,
       7.20159706e-03, 6.83985823e-02, 1.83985562e-03, 1.84425086e-03,
       7.47113138e-03, 3.46983137e-03, 3.56859249e-03, 1.92811744e-03,
       5.32337865e-03, 1.76671140e-03, 1.80039926e-03, 1.80518355e-03,
       1.76287673e-03, 1.85839858e-03, 1.71642664e-03, 1.81417735e-03,
       1.86218117e-03, 3.59672233e-03, 1.59847356e-02, 1.82119419e-03,
       1.77186504e-03, 1.74408348e-03, 1.21293021e-02, 2.00178389e-03,
       1.81837701e-03, 1.91881362e-03, 7.21524993e-03, 3.93571038e-03,
       2.03375013e-03, 2.06004322e-03, 2.34679262e-03, 1.89660483e-03,
       7.72959005e-03, 1.92302369e-03, 2.03787584e-03, 1.84498673e-03,
       1.93584502e-03, 1.94807932e-03, 1.94543534e-03, 1.83260518e-03,
       1.91630252e-03, 5.49349850e-03, 8.21874410e-03, 8.02272948e-03,
       8.14736637e-03, 5.96788823e-03, 2.11304470e-03, 6.05562310e-03,
       1.90883536e-03, 1.92471652e-03, 2.01654367e-03, 2.04516897e-03,
       1.92556483e-03, 2.20527993e-03, 8.26180634e-03, 2.01954236e-03,
       1.99024696e-03, 2.15219646e-03, 2.10366558e-03, 2.06981578e-03,
       2.00960787e-03, 2.01455333e-03, 2.01954236e-03, 2.01754147e-03,
       2.01356078e-03, 1.96239292e-03, 2.12018242e-03, 3.98621847e-03,
       1.99887755e-03, 2.16113410e-03, 5.11241881e-03, 2.14090868e-03,
       2.09317770e-02, 2.24414852e-03, 2.11422809e-03, 5.26142941e-03,
       2.37050387e-03, 2.05468602e-03, 2.06872157e-03, 1.11111319e-02,
       2.07975996e-03, 2.01554763e-03, 4.13963156e-03, 2.03169849e-03,
       2.46340768e-03, 4.93562865e-03, 2.30879809e-03, 2.10482951e-03,
       2.10833572e-03, 2.13596322e-03, 1.39236780e-02, 2.04307562e-03,
       2.20527993e-03, 2.10950930e-03, 2.21368976e-03, 2.50672366e-03,
       6.34980694e-03, 2.38560481e-03, 4.51849891e-03, 2.33617510e-03,
       2.31551926e-03, 2.26850718e-03, 4.35623276e-03, 2.14215182e-03,
       4.70796642e-03, 2.40622797e-02, 2.26850718e-03, 2.59916850e-03,
       2.36494326e-03, 4.91807011e-03, 2.35943672e-03, 2.08311388e-03,
       4.44445275e-03, 4.37225901e-03, 4.40224279e-03, 4.42737952e-03,
       2.27319342e-03, 2.34858173e-03, 9.25532589e-03, 2.19562376e-03,
       2.32575300e-03, 2.35398321e-03, 4.54012991e-03, 2.22079464e-03,
       2.42113048e-03, 2.23381248e-03, 2.25467674e-03, 2.56022442e-02,
       4.77888763e-03, 2.32061301e-03, 2.37800400e-03, 2.23674644e-03,
       2.22510075e-03, 2.40704890e-03, 2.41505259e-03, 2.29722467e-03,
       4.67235019e-03, 2.30380906e-03, 2.35398321e-03, 2.24863667e-03,
       2.37611964e-03, 2.77810038e-03, 2.29886360e-03, 5.41941532e-03,
       2.25180439e-02, 2.41304104e-03, 4.72253258e-03, 1.66858651e-02,
       7.06738565e-03, 7.25121394e-03, 5.10725934e-03, 2.62484676e-03,
       2.33793091e-03, 4.73728852e-03, 2.30879809e-03, 2.47225553e-03,
       2.56140441e-03, 5.03256175e-03, 2.47673185e-03, 5.01819577e-03,
       2.38369502e-03, 2.46781432e-03, 7.50601462e-03, 2.17874851e-02,
       2.57997169e-03, 2.37424152e-03, 2.53340425e-03, 2.53589328e-03,
       2.46340768e-03, 2.17597785e-02, 2.69300287e-03, 2.37611964e-03,
       2.64565624e-03, 5.00400975e-03, 2.49732508e-03, 2.40111951e-03,
       2.43140756e-03, 2.46781432e-03, 2.35761304e-03, 2.62484676e-03,
       2.54090438e-03, 2.42521896e-03, 2.74467256e-03, 2.61615731e-03,
       2.70296649e-03, 2.64263623e-02, 2.43766454e-03, 2.61615731e-03,
       2.53589328e-03, 5.13329503e-03, 2.52112066e-03, 4.95346371e-03,
       8.20186363e-03, 1.16447647e-02, 2.53340425e-03, 2.56401989e-03,
       2.63367164e-03, 2.65789999e-03, 2.60196480e-03, 2.52112066e-03,
       2.55362967e-03, 9.55833197e-03, 2.55620941e-03, 2.67358663e-03,
       2.54850519e-03, 2.68972024e-03, 2.56401989e-03, 2.88287270e-03,
       2.19286184e-02, 2.76673709e-03, 2.71997232e-03, 2.70632705e-03,
       2.92589983e-03, 2.60477499e-03, 2.58539041e-03, 2.73042649e-03,
       1.73249711e-02, 2.81771453e-03, 2.68972024e-03, 2.67677679e-03,
       2.84719152e-03, 2.78969638e-03, 2.77810038e-03, 2.65481415e-03,
       2.94100076e-03, 6.09461944e-03, 2.74467256e-03, 2.83861179e-03,
       2.76299945e-03, 2.75193229e-03, 2.75559736e-03, 2.86922743e-03,
       3.33864498e-02, 5.73845485e-03, 2.76299945e-03, 2.70296649e-03,
       2.90159346e-03, 2.70970766e-03, 2.74829079e-03, 5.55620076e-03,
       2.78193939e-03, 2.81362605e-03, 8.31149872e-03, 8.83837572e-03,
       3.05349832e-03, 2.96709991e-03, 2.79756110e-03, 3.12645012e-03,
       3.00009477e-03, 2.80153482e-03, 2.78193939e-03, 2.83861179e-03,
       2.83437018e-03, 6.17099688e-03, 2.81771453e-03, 2.89685493e-03,
       2.83861179e-03, 8.62121824e-03, 2.76673709e-03, 2.81771453e-03,
       2.91605173e-03, 2.83437018e-03, 2.77428722e-03, 2.81771453e-03,
       2.81771453e-03, 3.17830017e-03, 2.83437018e-03, 2.98335705e-03,
       6.34119190e-03, 3.05975531e-03, 2.96709991e-03, 1.22139933e-02,
       5.97776300e-03, 9.27636402e-03, 3.13357287e-03, 3.09212134e-03,
       2.94100076e-03, 1.22390212e-02, 2.94612524e-03, 2.95651547e-03,
       1.31199630e-02, 3.38137707e-03, 2.93088886e-03, 3.17830017e-03,
       6.55998151e-03, 1.36161206e-02, 3.17059595e-03, 3.01153458e-03,
       3.02913967e-03, 3.14809293e-03, 6.11951061e-03, 9.19824661e-03,
       3.08549844e-03, 3.06608220e-03, 3.08549844e-03, 6.28157272e-03,
       3.03513180e-03, 3.04118802e-03, 6.11951061e-03, 3.22686575e-03,
       3.10560415e-03, 3.15549502e-03, 3.21847669e-03, 3.21021010e-03,
       3.18611066e-03, 3.11246789e-03, 3.21021010e-03, 3.15549502e-03,
       6.32599029e-03, 3.17059595e-03, 3.34901104e-03, 3.12645012e-03,
       3.22686575e-03, 3.17830017e-03, 6.43695338e-03, 3.15549502e-03,
       6.37222132e-03, 3.17830017e-03, 6.40412491e-03, 6.48805240e-03,
       3.32841781e-03, 3.17830017e-03, 3.18611066e-03, 3.25280547e-03,
       3.21847669e-03, 1.39119760e-02, 3.23538097e-03, 3.33862081e-03,
       3.46497616e-03, 3.43980529e-03, 3.10705101e-02, 7.44182676e-03,
       3.30854730e-03, 3.26172300e-03, 3.50496346e-03, 3.38137707e-03,
       6.69802208e-03, 1.16514413e-02, 3.39259034e-03, 3.31839540e-03,
       3.37038155e-03, 3.32841781e-03, 3.42762737e-03, 1.03949285e-02,
       3.32841781e-03, 3.41570585e-03, 3.34901104e-03, 3.37038155e-03,
       3.72091338e-03, 1.39119760e-02, 3.54799059e-03, 3.47799401e-03,
       3.42762737e-03, 1.03949285e-02, 7.22194453e-03, 3.51894569e-03,
       3.41570585e-03, 3.45225088e-03, 7.06656387e-03, 3.46497616e-03,
       3.53328193e-03, 3.47799401e-03, 3.54799059e-03, 3.56309152e-03,
       7.12618304e-03, 3.53328193e-03, 3.51894569e-03, 3.76287713e-03,
       3.57860623e-03, 3.61097226e-03, 3.72091338e-03, 4.36359737e-03,
       3.72091338e-03, 3.83230086e-03, 7.52575425e-03, 3.68184607e-03,
       3.74150661e-03, 3.78508591e-03, 3.74150661e-03, 3.78508591e-03,
       3.72091338e-03, 3.78508591e-03, 3.88381376e-03, 3.83230086e-03,
       3.91144126e-03, 3.83230086e-03, 3.91144126e-03, 8.00693567e-03,
       3.94048616e-03, 4.15537270e-03, 4.11340895e-03, 4.11340895e-03,
       4.03779661e-03, 1.68027880e-02, 8.72719475e-03, 1.32908766e-02,
       8.40139399e-03, 4.11340895e-03, 4.30393683e-03])

array([2.34482371e-03, 4.14265386e-03, 4.42577019e-03, 2.92148526e-03,
       1.33936842e-03, 2.16121698e-03, 1.08191180e-02, 8.05687963e-03,
       2.58109075e-03, 8.59275516e-03, 4.17703243e-03, 4.12642026e-03,
       9.62545664e-03, 4.20143956e-03, 6.31741620e-03, 5.31671210e-03,
       1.48492077e-02, 2.34245926e-05, 6.75606643e-04, 2.85621422e-03,
       1.39301109e-02, 7.98215533e-03, 5.15843543e-03, 7.88937191e-03,
       8.61158132e-03, 6.33508993e-03, 9.41006605e-03, 1.04688183e-02,
       1.10776054e-02, 1.06254158e-02, 1.15837546e-02, 1.47099141e-02,
       1.39793137e-02, 1.47149138e-02, 1.53791960e-02, 1.36221220e-02,
       1.58114516e-02, 3.46935867e-02, 3.42222836e-02, 1.70775536e-02,
       1.82594869e-02, 1.83374808e-02, 2.12790916e-02, 1.99693017e-02,
       2.16014850e-02, 2.17616535e-02, 2.77570110e-02, 2.30871061e-02,
       2.31437988e-02, 2.52717384e-02, 2.50165686e-02, 5.76677542e-02,
       2.58076567e-02, 2.72681028e-02, 3.02984539e-02, 2.82909350e-02,
       6.64934520e-02, 3.03504273e-02, 3.12699320e-02, 3.30500207e-02,
       6.64437477e-02, 4.11898951e-02, 2.22132596e-01, 3.43093815e-02,
       3.48071684e-02, 3.87869947e-02, 3.79869411e-02, 4.06113152e-02,
       3.78096918e-02, 3.85914817e-02, 8.45144911e-02, 4.43275669e-02,
       8.94617535e-02, 4.18132151e-02, 4.35768377e-02, 4.37580704e-02,
       4.24887787e-02, 4.41332318e-02, 4.76963992e-02, 4.50471728e-02,
       5.07453196e-02, 4.99174635e-02, 1.62708477e-01, 5.61201497e-02,
       5.70171306e-02])

Task 3:


In order of queries:

comp.graphics
talk.religion.misc
alt.atheism
alt.atheism
sci.space
talk.politics.misc
talk.politics.guns
talk.politics.mideast
