array([ 8.,  2.,  6.,  3., 12.,  4.,  3.,  6.,  2.,  1.,  1.,  5.,  2.,
        2.,  2.,  3.,  1.,  1.,  1.,  1.,  3.,  1.,  1.,  2.,  3.,  4.,
        1.,  1.,  1.,  1.,  1.,  3.,  1.,  1.,  1.,  2.,  1.,  1.,  1.,
        2.,  1.,  1.,  2.,  1.,  1.,  1.,  1.,  1.,  1.,  1.,  1.,  2.,
        1.,  1.,  2.,  2.,  1.,  2.,  1.,  1.,  1.,  3.,  4.,  1.,  1.,
        1.,  1.,  2.,  1.,  1.,  1.,  1.,  1.,  1.,  1.,  1.,  2.,  1.,
        1.,  1.,  1.,  5.,  2.,  2.,  1.,  1.,  5.,  1.,  4.,  1.,  1.,
        1.,  2.,  1.,  2.,  1., 11.,  1.,  1.,  1.,  1.,  2.,  2.,  2.,
        5.,  1.,  2.,  1.,  1.,  1.,  2.,  1.,  2.,  1.,  2.,  4.,  1.,
        1.,  1.,  5.,  1.,  1.,  1.,  1.,  2.,  4.,  1.,  1.,  1.,  3.,
        1.,  1.,  1.,  1.,  3.,  2.,  2.,  1.,  1.,  6.,  1.,  6.,  1.,
        1.,  3.,  1.,  1.,  2.,  1.,  1.,  1.,  1.,  2.,  7.,  1.,  1.,
        1.,  1.,  1.])
array([135.,  37.,  71.,  28.,  49.,  19.,  46.,  16.,  13.,  22.,   9.,
        22.,  11.,   7.,   7.,   6.,   4.,   6.,  12.,  11.,  10.,   3.,
        10.,   4.,   2.,  21.,   5.,   4.,   2.,   2.,   1.,   1.,   1.,
         5.,   1.,  23.,   5.,   2.,   1.,   6.,   8.,   4.,   7.,   3.,
         3.,   2.,   1.,   1.,   6.,   4.,   4.,   7.,   1.,   8.,   7.,
        13.,   4.,   4.,  10.,   3.,   3.,   2.,   2.,   3.,   7.,   4.,
         1.,   2.,   4.,   8.,   4.,   7.,   2.,   1.,   1.,   2.,   1.,
         2.,   2.,   1.,   5.,   3.,   3.,   3.,   1.,   1.,   1.,   2.,
         1.,   4.,   3.,   1.,   3.,   3.,   4.,   7.,   1.,   2.,   1.,
         3.,   2.,   1.,   4.,   6.,   3.,  11.,   1.,   6.,   3.,   1.,
         3.,   1.,   2.,   1.,   1.,   1.,   3.,   3.,   2.,   5.,   2.,
         2.,   2.,   2.,   1.,   1.,   1.,   1.,   1.,   3.,   1.,   1.,
         1.,   1.,   3.,   3.,   4.,   1.,   1.,   5.,   1.,   1.,   2.,
         6.,   2.,   2.,   1.,   1.,   1.,   1.,   1.,   1.,   3.,   5.,
         1.,   1.,   1.,   1.,   2.,   1.,   1.,   1.,   6.,   1.,   1.,
         2.,   1.,   3.,   2.,   1.,   1.,   3.,   2.,   2.,   3.,   8.,
         1.,   1.,   1.,   1.,   2.,   3.,   1.,   2.,   6.,   1.,   1.,
         2.,   1.,  13.,   4.,   1.,   1.,   1.,   1.,   1.,   3.,   1.,
         1.,   2.,   2.,   1.,   1.,   2.,   1.,   1.,   1.,   1.,   1.,
         3.,   1.,   2.,   4.,  26.,   1.,   1.,   3.,   2.,   2.,   1.,
         3.,   1.,   1.,   1.,   1.,   1.,   1.,   1.,   1.,   2.,   6.,
         1.,   1.,   1.,   6.,   1.,   1.,   1.,   4.,   2.,   1.,   1.,
         1.,   1.,   4.,   1.,   1.,   1.,   1.,   1.,   1.,   1.,   1.,
         3.,   4.,   4.,   4.,   3.,   1.,   3.,   1.,   1.,   1.,   1.,
         1.,   1.,   4.,   1.,   1.,   1.,   1.,   1.,   1.,   1.,   1.,
         1.,   1.,   1.,   1.,   2.,   1.,   1.,   2.,   1.,   9.,   1.,
         1.,   2.,   1.,   1.,   1.,   5.,   1.,   1.,   2.,   1.,   1.,
         2.,   1.,   1.,   1.,   1.,   6.,   1.,   1.,   1.,   1.,   1.,
         3.,   1.,   2.,   1.,   1.,   1.,   2.,   1.,   2.,   9.,   1.,
         1.,   1.,   2.,   1.,   1.,   2.,   2.,   2.,   2.,   1.,   1.,
         4.,   1.,   1.,   1.,   2.,   1.,   1.,   1.,   1.,  11.,   2.,
         1.,   1.,   1.,   1.,   1.,   1.,   1.,   2.,   1.,   1.,   1.,
         1.,   1.,   1.,   2.,   9.,   1.,   2.,   7.,   3.,   3.,   2.,
         1.,   1.,   2.,   1.,   1.,   1.,   2.,   1.,   2.,   1.,   1.,
         3.,   8.,   1.,   1.,   1.,   1.,   1.,   8.,   1.,   1.,   1.,
         2.,   1.,   1.,   1.,   1.,   1.,   1.,   1.,   1.,   1.,   1.,
         1.,  10.,   1.,   1.,   1.,   2.,   1.,   2.,   3.,   4.,   1.,
         1.,   1.,   1.,   1.,   1.,   1.,   3.,   1.,   1.,   1.,   1.,
         1.,   1.,   8.,   1.,   1.,   1.,   1.,   1.,   1.,   1.,   6.,
         1.,   1.,   1.,   1.,   1.,   1.,   1.,   1.,   2.,   1.,   1.,
         1.,   1.,   1.,   1.,  11.,   2.,   1.,   1.,   1.,   1.,   1.,
         2.,   1.,   1.,   3.,   3.,   1.,   1.,   1.,   1.,   1.,   1.,
         1.,   1.,   1.,   2.,   1.,   1.,   1.,   3.,   1.,   1.,   1.,
         1.,   1.,   1.,   1.,   1.,   1.,   1.,   2.,   1.,   1.,   4.,
         2.,   3.,   1.,   1.,   1.,   4.,   1.,   1.,   4.,   1.,   1.,
         1.,   2.,   4.,   1.,   1.,   1.,   1.,   2.,   3.,   1.,   1.,
         1.,   2.,   1.,   1.,   2.,   1.,   1.,   1.,   1.,   1.,   1.,
         1.,   1.,   1.,   2.,   1.,   1.,   1.,   1.,   1.,   2.,   1.,
         2.,   1.,   2.,   2.,   1.,   1.,   1.,   1.,   1.,   4.,   1.,
         1.,   1.,   1.,   8.,   2.,   1.,   1.,   1.,   1.,   2.,   3.,
         1.,   1.,   1.,   1.,   1.,   3.,   1.,   1.,   1.,   1.,   1.,
         4.,   1.,   1.,   1.,   3.,   2.,   1.,   1.,   1.,   2.,   1.,
         1.,   1.,   1.,   1.,   2.,   1.,   1.,   1.,   1.,   1.,   1.,
         1.,   1.,   1.,   2.,   1.,   1.,   1.,   1.,   1.,   1.,   1.,
         1.,   1.,   1.,   1.,   1.,   2.,   1.,   1.,   1.,   1.,   1.,
         4.,   2.,   3.,   2.,   1.,   1.])
array([4., 4., 3., 2., 1., 1., 4., 3., 1., 2., 1., 5., 1., 2., 1., 1., 1.,
       2., 1., 1., 1., 1., 1., 1., 2., 1., 1., 1., 1., 1., 1., 1., 1., 1.,
       1., 1., 1., 1., 1., 1., 1., 2., 2., 1., 1., 1., 1., 1., 1., 1., 1.,
       1., 1., 1., 1., 2., 1., 1., 1., 1., 2., 1., 1., 1., 2., 1., 5., 1.,
       1., 1., 1., 1., 1., 1., 2., 1., 2., 1., 1., 1., 1., 1., 1., 1., 1.,
       1., 3., 1., 1.])

